---
title: "Dalí tøídìní.xls"
source: "/mnt/f/git/mgr/FPE_navazujici/3. Semestr/DV2ST/priklady/Rzeni a filtrovani/Dalí tøídìní.xls"
date: 2003-02-17
type: XLSX
---

| """A""" | """B""" |  | součet | rozdíl |  |  | 
| --- | --- | --- | --- | --- | --- | --- |
| 256 | 25 |  | 281 | 231 |  |  | 
| 285 | 25 |  | 310 | 260 |  |  | 
| 11 | 56699 |  | 56710 | -56688 |  |  | 
| -256.2 | 23.66 |  | -232.54 | -279.86 |  |  | 
|  |  |  |  |  |  |  | 
| """A""" | """B""" |  | součet | rozdíl |  | podle součtu od největšího | 
| 11 | 56699 |  | 56710 | -56688 |  |  | 
| 285 | 25 |  | 310 | 260 |  |  | 
| 256 | 25 |  | 281 | 231 |  |  | 
| -256.2 | 23.66 |  | -232.54 | -279.86 |  |  | 
|  |  |  |  |  |  |  | 
| """A""" | """B""" |  | součet | rozdíl |  | podle rozdílu od nejmenšího | 
| 11 | 56699 |  | 56710 | -56688 |  |  | 
| -256.2 | 23.66 |  | -232.54 | -279.86 |  |  | 
| 256 | 25 |  | 281 | 231 |  |  | 
| 285 | 25 |  | 310 | 260 |  |  | 
