---
title: "Nasob.xls"
source: "/mnt/f/git/mgr/FPE_navazujici/3. Semestr/DV2ST/priklady/Posloupnosti a rady/Nasob.xls"
date: 2009-04-16
type: XLSX
---

|  |  |  |  |  |  |  |  |  |  |  |  | "se vzorci |  aby se automaticky změnily údaje u velké násobilky" |  |  |  |  |  |  |  |  |  | 
| --- | --- | --- | --- | --- | --- | --- | --- | --- | --- | --- | --- | --- | --- | --- | --- | --- | --- | --- | --- | --- | --- | --- |
|  |  |  |  |  |  |  |  |  |  |  |  |  |  |  |  |  |  |  |  |  |  | 
|  | Malá násobilka |  |  |  |  |  |  |  |  |  |  | Malá násobilka |  |  |  |  |  |  |  |  |  | 
|  | 1 | 2 | 3 | 4 | 5 | 6 | 7 | 8 | 9 | 10 |  | 1 | 2 | 3 | 4 | 5 | 6 | 7 | 8 | 9 | 10 | 
|  | 2 | 4 | 6 | 8 | 10 | 12 | 14 | 16 | 18 | 20 |  | 2 | 4 | 6 | 8 | 10 | 12 | 14 | 16 | 18 | 20 | 
|  | 3 | 6 | 9 | 12 | 15 | 18 | 21 | 24 | 27 | 30 |  | 3 | 6 | 9 | 12 | 15 | 18 | 21 | 24 | 27 | 30 | 
|  | 4 | 8 | 12 | 16 | 20 | 24 | 28 | 32 | 36 | 40 |  | 4 | 8 | 12 | 16 | 20 | 24 | 28 | 32 | 36 | 40 | 
|  | 5 | 10 | 15 | 20 | 25 | 30 | 35 | 40 | 45 | 50 |  | 5 | 10 | 15 | 20 | 25 | 30 | 35 | 40 | 45 | 50 | 
|  | 6 | 12 | 18 | 24 | 30 | 36 | 42 | 48 | 54 | 60 |  | 6 | 12 | 18 | 24 | 30 | 36 | 42 | 48 | 54 | 60 | 
|  | 7 | 14 | 21 | 28 | 35 | 42 | 49 | 56 | 63 | 70 |  | 7 | 14 | 21 | 28 | 35 | 42 | 49 | 56 | 63 | 70 | 
|  | 8 | 16 | 24 | 32 | 40 | 48 | 56 | 64 | 72 | 80 |  | 8 | 16 | 24 | 32 | 40 | 48 | 56 | 64 | 72 | 80 | 
|  | 9 | 18 | 27 | 36 | 45 | 54 | 63 | 72 | 81 | 90 |  | 9 | 18 | 27 | 36 | 45 | 54 | 63 | 72 | 81 | 90 | 
|  | 10 | 20 | 30 | 40 | 50 | 60 | 70 | 80 | 90 | 100 |  | 10 | 20 | 30 | 40 | 50 | 60 | 70 | 80 | 90 | 100 | 
|  |  |  |  |  |  |  |  |  |  |  |  |  |  |  |  |  |  |  |  |  |  | 
|  |  |  |  |  |  |  |  |  |  |  |  |  |  |  |  |  |  |  |  |  |  | 
|  | Velká násobilka |  |  |  |  |  |  |  |  |  |  |  |  |  |  |  |  |  |  |  |  | 
|  | 11 | 12 | 13 | 14 | 15 | 16 | 17 | 18 | 19 | 20 |  |  |  |  |  |  |  |  |  |  |  | 
|  | 12 | 144 | 156 | 168 | 180 | 192 | 204 | 216 | 228 | 240 |  |  |  |  |  |  |  |  |  |  |  | 
|  | 13 | 156 | 169 | 182 | 195 | 208 | 221 | 234 | 247 | 260 |  |  |  |  |  |  |  |  |  |  |  | 
|  | 14 | 168 | 182 | 196 | 210 | 224 | 238 | 252 | 266 | 280 |  |  |  |  |  |  |  |  |  |  |  | 
|  | 15 | 180 | 195 | 210 | 225 | 240 | 255 | 270 | 285 | 300 |  |  |  |  |  |  |  |  |  |  |  | 
|  | 16 | 192 | 208 | 224 | 240 | 256 | 272 | 288 | 304 | 320 |  |  |  |  |  |  |  |  |  |  |  | 
|  | 17 | 204 | 221 | 238 | 255 | 272 | 289 | 306 | 323 | 340 |  |  |  |  |  |  |  |  |  |  |  | 
|  | 18 | 216 | 234 | 252 | 270 | 288 | 306 | 324 | 342 | 360 |  |  |  |  |  |  |  |  |  |  |  | 
|  | 19 | 228 | 247 | 266 | 285 | 304 | 323 | 342 | 361 | 380 |  |  |  |  |  |  |  |  |  |  |  | 
|  | 20 | 240 | 260 | 280 | 300 | 320 | 340 | 360 | 380 | 400 |  |  |  |  |  |  |  |  |  |  |  | 
|  |  |  |  |  |  |  |  |  |  |  |  |  |  |  |  |  |  |  |  |  |  | 
|  |  |  |  |  |  |  |  |  |  |  |  |  |  |  |  |  |  |  |  |  |  | 
|  | Velká násobilka-21*21 až 30*30 |  |  |  |  |  |  |  |  |  |  |  |  |  |  |  |  |  |  |  |  | 
|  | 21 | 22 | 23 | 24 | 25 | 26 | 27 | 28 | 29 | 30 |  |  |  |  |  |  |  |  |  |  |  | 
|  | 22 | 484 | 506 | 528 | 550 | 572 | 594 | 616 | 638 | 660 |  |  |  |  |  |  |  |  |  |  |  | 
|  | 23 | 506 | 529 | 552 | 575 | 598 | 621 | 644 | 667 | 690 |  |  |  |  |  |  |  |  |  |  |  | 
|  | 24 | 528 | 552 | 576 | 600 | 624 | 648 | 672 | 696 | 720 |  |  |  |  |  |  |  |  |  |  |  | 
|  | 25 | 550 | 575 | 600 | 625 | 650 | 675 | 700 | 725 | 750 |  |  |  |  |  |  |  |  |  |  |  | 
|  | 26 | 572 | 598 | 624 | 650 | 676 | 702 | 728 | 754 | 780 |  |  |  |  |  |  |  |  |  |  |  | 
|  | 27 | 594 | 621 | 648 | 675 | 702 | 729 | 756 | 783 | 810 |  |  |  |  |  |  |  |  |  |  |  | 
|  | 28 | 616 | 644 | 672 | 700 | 728 | 756 | 784 | 812 | 840 |  |  |  |  |  |  |  |  |  |  |  | 
|  | 29 | 638 | 667 | 696 | 725 | 754 | 783 | 812 | 841 | 870 |  |  |  |  |  |  |  |  |  |  |  | 
|  | 30 | 660 | 690 | 720 | 750 | 780 | 810 | 840 | 870 | 900 |  |  |  |  |  |  |  |  |  |  |  | 
|  |  |  |  |  |  |  |  |  |  |  |  |  |  |  |  |  |  |  |  |  |  | 
|  |  |  |  |  |  |  |  |  |  |  |  |  |  |  |  |  |  |  |  |  |  | 
|  | Velká násobilka-31*31 až 40*40 |  |  |  |  |  |  |  |  |  |  |  |  |  |  |  |  |  |  |  |  | 
|  | 31 | 32 | 33 | 34 | 35 | 36 | 37 | 38 | 39 | 40 |  |  |  |  |  |  |  |  |  |  |  | 
|  | 32 | 1024 | 1056 | 1088 | 1120 | 1152 | 1184 | 1216 | 1248 | 1280 |  |  |  |  |  |  |  |  |  |  |  | 
|  | 33 | 1056 | 1089 | 1122 | 1155 | 1188 | 1221 | 1254 | 1287 | 1320 |  |  |  |  |  |  |  |  |  |  |  | 
|  | 34 | 1088 | 1122 | 1156 | 1190 | 1224 | 1258 | 1292 | 1326 | 1360 |  |  |  |  |  |  |  |  |  |  |  | 
|  | 35 | 1120 | 1155 | 1190 | 1225 | 1260 | 1295 | 1330 | 1365 | 1400 |  |  |  |  |  |  |  |  |  |  |  | 
|  | 36 | 1152 | 1188 | 1224 | 1260 | 1296 | 1332 | 1368 | 1404 | 1440 |  |  |  |  |  |  |  |  |  |  |  | 
|  | 37 | 1184 | 1221 | 1258 | 1295 | 1332 | 1369 | 1406 | 1443 | 1480 |  |  |  |  |  |  |  |  |  |  |  | 
|  | 38 | 1216 | 1254 | 1292 | 1330 | 1368 | 1406 | 1444 | 1482 | 1520 |  |  |  |  |  |  |  |  |  |  |  | 
|  | 39 | 1248 | 1287 | 1326 | 1365 | 1404 | 1443 | 1482 | 1521 | 1560 |  |  |  |  |  |  |  |  |  |  |  | 
|  | 40 | 1280 | 1320 | 1360 | 1400 | 1440 | 1480 | 1520 | 1560 | 1600 |  |  |  |  |  |  |  |  |  |  |  | 
